1.502245053134899644e-01
7.922519055103489916e-02
1.215656116666861408e-01
1.684447241534993978e-01
1.260773757331250244e-01
2.702530965013357767e-01
1.213803507449816577e-01
2.474396072083670794e-01
1.910525699503964614e-01
1.262627522453917683e-01
2.172330753630039857e-01
2.657947379352922912e-01
1.684251839355897784e-01
1.223858910910071707e-01
1.475435593243093479e-01
1.441470833261610240e-01
1.248117928510250746e-01
2.137898098848851902e-01
1.234859759280787644e-01
1.731481174016444857e-01
1.211383395508612432e-01
5.496834407852435600e-02
3.602211681756115058e-01
2.852246638549161273e-01
3.376582298145182626e-01
3.888969320334425550e-01
3.145677345567929328e-01
4.440811919629778504e-01
4.209687388571864974e-01
3.080639605880839405e-01
3.884569903499022758e-01
4.804004620368359513e-01
4.570818037535821499e-01
5.121494813696867432e-01
3.652212223181682260e-01
4.141498008751222093e-01
3.090403859317642499e-01
4.205308082668093306e-01
3.685761049337402118e-01
4.798858460797104653e-01
1.679889684651070803e-01
4.237438622585479320e-01
2.044802262388711045e-01
4.138076147942986172e-01
1.758058279051145922e-01
3.116474515362529507e-01
2.812084415181901886e-01
4.915068358095313616e-01
5.526730191275133208e-01
5.436186935974482992e-01
5.534130470655537204e-01
5.487723207945970350e-01
4.586898480192725946e-01
4.875037817051106614e-01
4.589722364767356844e-01
5.178699919894906856e-01
4.889037842786438937e-01
4.656211360770142194e-01
4.874751104948779612e-01
5.511925167837253836e-01
4.879380016284289856e-01
4.901026398726833211e-01
5.215550283974103030e-01
4.303473951420092036e-01
4.026249227025277544e-01
5.525789303436291489e-01
7.547246380296328550e-01
4.307228192466518446e-01
4.857525301086790814e-01
4.882118049276895078e-01
6.451478954696813206e-01
5.999352576733248954e-01
5.432070203917307438e-01
5.968071802226142530e-01
6.971101217391613147e-01
6.210925006454687258e-01
6.984073627977355203e-01
4.922662580125740650e-01
6.017197969229816090e-01
6.265545476443080686e-01
7.555070925633771139e-01
6.711816741351732674e-01
7.902347919857617420e-01
8.251486083574754993e-01
8.473510791164755585e-01
8.443570864520844044e-01
8.419964881881122354e-01
7.236418535108084527e-01
7.233511272677155546e-01
7.549744234842389323e-01
7.570984191838218136e-01
8.703565971162027237e-01
8.518536151008603285e-01
8.212911063701491265e-01
6.014632627841062229e-01
8.726698326367698932e-01
8.211416306333074733e-01
9.773508053836850173e-01
8.472743531110058512e-01
9.474973851226407007e-01
1.476484074521889345e-01
9.944314704769477431e-02
1.221549356316288942e-01
1.944628414771340519e-01
2.024829497682530399e-01
2.215510667457200045e-01
1.972691549855743742e-01
1.297023149314899815e-01
1.241149945055519815e-01
1.206665379134987254e-01
1.516682816035890280e-01
2.199998245244756956e-01
7.964456713132710142e-02
1.210465490045782716e-01
1.720131590204933836e-01
2.616820275565615028e-01
1.057444451689613651e-01
2.913931945588442707e-01
2.153681534017851396e-01
1.040656819867309957e-01
1.455870623452032997e-01
2.166732406802709954e-01
2.895779478228486248e-01
1.674584269918405754e-01
1.462250259383935380e-01
1.476956750005459507e-01
1.481947550369620281e-01
1.496515561013148088e-01
2.398400325551725831e-01
2.393873399950849357e-01
1.460671875967090305e-01
1.450013961856523315e-01
0.000000000000000000e+00
1.794398028003016399e-01
1.947208782351339817e-01
2.190083182731591416e-01
2.010220901010387751e-01
1.925194795817735671e-01
1.726264203471318537e-01
2.660737374587827109e-01
2.198899619030874886e-01
1.484928758058967069e-01
2.404834913737092794e-01
1.487932430624707147e-01
1.496283043371294530e-01
2.433860781808681317e-01
1.962800867152744988e-01
2.158835266914095607e-01
1.451105286919114334e-01
1.681682416035652217e-01
1.930601771866543859e-01
1.677984531016054048e-01
3.453421082394043939e-02
2.414193215172606433e-01
1.220265653053377725e-01
1.744606504168491612e-01
1.742655781228843459e-01
1.934730914072987917e-01
2.141075720276786609e-01
2.639780607004738044e-01
1.489372945775448986e-01
1.029313868357089601e-01
2.000004747961625640e-01
1.474204591701410161e-01
1.681794843848821719e-01
1.921467863731767256e-01
1.049337210328246811e-01
1.454044107734081270e-01
2.363711338871138656e-01
1.921992776440736017e-01
1.693231693291796791e-01
2.877018925687660489e-01
1.994025351896237253e-01
3.660359398143253618e-01
1.992081837225594676e-01
2.465003119368024964e-01
2.843343692435061909e-01
2.842407713236419498e-01
3.400803288115900602e-01
4.204004503700894957e-01
2.908024698300478716e-01
3.918984360855147786e-01
4.818547283662480418e-01
3.923602574381959140e-01
3.367295236392385260e-01
3.837049313240230020e-01
3.627940656251063545e-01
3.852971215417937967e-01
4.357897022536352249e-01
3.133312137383571505e-01
1.393802121659231674e-01
4.857271880475380610e-01
3.889556520025175268e-01
3.621568270402386047e-01
4.187707382185176241e-01
2.247165644005879037e-01
4.524921676935268477e-01
3.631075181484862968e-01
2.236276341523917022e-01
2.279784456208135135e-01
2.577771597512261703e-01
4.115086583938926679e-01
3.428807010036110658e-01
4.383954304513797418e-01
4.807079623557252712e-01
4.120500427780893760e-01
3.468761301975569755e-01
2.827385474241344010e-01
2.840591092446795862e-01
3.142402264348564955e-01
2.540466404329341787e-01
3.353882587026633111e-01
3.858657783324372370e-01
2.844950863541919617e-01
1.948146762623345629e-01
4.495086628201721002e-01
3.711988785932853196e-01
4.808381921089768807e-01
3.488737852871552358e-01
4.560532701396413091e-01
2.571913290932250629e-01
3.669377608062704965e-01
3.092237819500526785e-01
3.394989879286882117e-01
3.352210705777342037e-01
3.189209366337135143e-01
3.446282314794973378e-01
4.571189324688473832e-01
3.903439096265245989e-01
3.428831818787602681e-01
4.121252830004211720e-01
2.538792842698544550e-01
4.457835273817857824e-01
2.261553524507150248e-01
2.837819243573347916e-01
4.506388684325102756e-01
4.629894430755568391e-01
3.985168275042302310e-01
4.952151346191661641e-01
5.157306089216197043e-01
4.857527478886060068e-01
3.754975900018034940e-01
5.176075635516325102e-01
4.910563504484351527e-01
5.174979889586860393e-01
4.564839346046394852e-01
4.599318756697135524e-01
5.189400332313959252e-01
5.134517770999353914e-01
4.316016249682727568e-01
4.321408875493287782e-01
5.174191489076831463e-01
4.923088582719019612e-01
5.165577241148929799e-01
4.851008529533487046e-01
4.655011954593037404e-01
4.611676149815787107e-01
4.606838272188502614e-01
5.216848365925931263e-01
4.604174936726670997e-01
5.221409128358550644e-01
5.701600050712033463e-01
5.794723544642643720e-01
4.338163914483237904e-01
3.963623418311374436e-01
4.304370288799274635e-01
8.032801968343978860e-01
5.764215606515407098e-01
5.539892970230697600e-01
5.785952490906238754e-01
4.987423525143792613e-01
4.617023483349346202e-01
4.629520729496006681e-01
5.147449711696947539e-01
4.611625416895053786e-01
6.121689847400947349e-01
4.662603505677199167e-01
5.156660798049989003e-01
5.996734254717025481e-01
4.314357175656943766e-01
4.314061324417414744e-01
2.580818987201120573e-01
5.197462338776778212e-01
5.396797722187515189e-01
5.442821771573869150e-01
2.363400525424615706e-01
5.181046119615565493e-01
5.461073976539260189e-01
4.294385582494852360e-01
5.166786309612290129e-01
4.902386843043305409e-01
4.874294722289850279e-01
4.575685219559630923e-01
5.465581229034078836e-01
5.529906686146506267e-01
5.480106623015544853e-01
4.581124525247303181e-01
4.323273234434188428e-01
5.167699749042354851e-01
4.969284965513978691e-01
4.022046988101081189e-01
4.343475856145362912e-01
3.435236551177712760e-01
5.547815014452034399e-01
5.533562549931839714e-01
5.191292719752822471e-01
6.748130811409477348e-01
5.967629433697219099e-01
7.856934826972336028e-01
5.798730295168397220e-01
7.023296181442751918e-01
6.520248904328536099e-01
6.435295566710912407e-01
7.674571162040000338e-01
7.264327538600012790e-01
6.503398876923655036e-01
6.488873380095799837e-01
6.963198906842137381e-01
5.449103382869370238e-01
6.969253624677362868e-01
6.193305589117547028e-01
6.001688710682819838e-01
5.238727073317194227e-01
6.981674583193352435e-01
6.747991989663255641e-01
1.000000000000000000e+00
2.849900771189967652e-01
5.715309020260426198e-01
4.869824844714668033e-01
5.699946832532186702e-01
6.568979931806949724e-01
5.451207264764471594e-01
6.288823651442416729e-01
5.426261163155990941e-01
7.530939190302879949e-01
6.856398254171416351e-01
4.890240761588671714e-01
6.672613118788826014e-01
7.544421123494028381e-01
5.144103398703449015e-01
5.455255692701616033e-01
5.470169363221358827e-01
5.726779393780010441e-01
6.000840413793085970e-01
6.554961437773894062e-01
6.003125221364276065e-01
6.320056559916992223e-01
8.551322957293315818e-01
6.743428137277941437e-01
5.417366707107869050e-01
6.289569852062675270e-01
6.469833870913360707e-01
7.538145410185488338e-01
6.019590492620553457e-01
6.718487083014890171e-01
5.482193308001804821e-01
6.923802736445864303e-01
6.018642631637401985e-01
6.275394421038006376e-01
6.968634998961155125e-01
5.803646291591939566e-01
5.431886937998376963e-01
7.171775688150918704e-01
6.004002767229726922e-01
5.710533706445439783e-01
6.819454340426427397e-01
6.215143822243700544e-01
7.268525757964439116e-01
7.181181691610365458e-01
7.253985662861149875e-01
7.280442126699767647e-01
6.292328361941904591e-01
6.445559845289430267e-01
6.245943477108698572e-01
6.292958059015187899e-01
6.717592642920650059e-01
7.303514924330469782e-01
6.898947829875536897e-01
5.700667954946082583e-01
8.266097003597122628e-01
6.974444694689548863e-01
8.468440483263333096e-01
7.859011875818111559e-01
6.704231668834202962e-01
6.683814413335599225e-01
7.481714855758702098e-01
7.339037852592322775e-01
7.524559568884898741e-01
7.237216532180358319e-01
7.542590494608935048e-01
9.216159938640926530e-01
6.964030690903852960e-01
7.971848948693169845e-01
6.491956449691800302e-01
5.719716143335604741e-01
6.985676129762926623e-01
6.259618520958174503e-01
7.554458059691888661e-01
8.022652172084080435e-01
7.539860949416384850e-01
8.246559997699335343e-01
8.465709179331815104e-01
8.965367113389426379e-01
7.730322400034216335e-01
7.245528672230029388e-01
8.199934238988365598e-01
8.744044105100901021e-01
8.942112053150096385e-01
7.539764815260417974e-01
9.493298238667634559e-01
7.230583991894132811e-01
7.522330500062937020e-01
8.700621387974258880e-01
6.948625056580913784e-01
7.241221124151334676e-01
6.017413091266681224e-01
7.978968248075328784e-01
7.763359329645015405e-01
8.958950282624938977e-01
8.473121201899146415e-01
8.498973891823071725e-01
7.506166440247932226e-01
7.870369717342337035e-01
8.770282884471172213e-01
8.516936866508901804e-01
8.084328512182469284e-01
9.744111992651767196e-01
8.449436888393505596e-01
8.498091053290531827e-01
9.195984600269880849e-01
8.719855972981489511e-01
7.719708604317795375e-01
8.735435088537304438e-01
9.465967204171907845e-01
7.731111738102069975e-01
5.987871985286975507e-01
8.475571816293262506e-01
7.275581778197238725e-01
9.724050376766928405e-01
7.834515441758901355e-01
7.864049325091853060e-01
9.207305744697595884e-01
8.968658247007590401e-01
6.960107599773120990e-01
8.541123297559368721e-01
8.947976881160762952e-01
8.728371037435055380e-01
8.718376944429988562e-01
8.706328019673544860e-01
6.706329367906520567e-01
8.464589895052561097e-01
8.705926395720648969e-01
7.490384382353176829e-01
7.513030435821901332e-01
7.239848746057887530e-01
7.836447679168719871e-01
